1
10
10012
10034
10042
1006
10066
101
103
104
10447
105
1090
11
110
111
1115
11794
1186
1198
12
123
126
129
13
1300
1317
1321
1343
135
1353
1377
138
14
1408
145
15
1532
1537
1564
1575
16
165
168
1688
1690
1692
1694
1698
17
171
1716
1720
1726
1732
1736
1743
177
1786
18
1821
18314
19
196
1972
1980
1987
1997
1999
2
20
2001
2005
2010
2012
2013
202
2023
2033
204
2043
2049
207
208
2085
21
2100
215
22
2208
2224
223
227
23
2306
232
233
238
24
240
2400
241
243
246
249
25
252
253
2532
255
256
2560
2561
2569
257
26
262
263
267
2671
27
2779
28
2834
287
29
3
30
300
301
3076
308
31
3130
32
322
3220
3223
3278
33
339
34
3475
3498
35
3553
3594
36
37
38
381
382
383
3854
387
39
3919
3928
396
3xx
4
40
4042
41
42
422
43
44
440
442
45
46
47
477
48
484
49
499
5
50
5028
509
51
514
519
52
522
53
54
5458
55
552
553
56
560
566
57
58
59
597
6
60
601
610
62
621
63
6332
6378
639
64
6416
6428
6460
6462
6468
6470
6484
65
6538
66
669
67
672
6760
678
69
690
694
698
7
71
711
72
73
746
747
75
759
76
7666
77
78
781
79
799
8
80
815
82
83
84
845
86
860
88
9
908
922
95
96
98
9826
9844
9874
990
9912
9946
995
9964
Ag
Al
As
Au
B
Ba
Bi
Br
C
Ca
Cl
Co
Cu
F
Fe
H
Hg
I
K
Li
Mg
N
Na
O
P
Pt
S
Se
Si
Tc
Ti
Zn